0	
1	338	113	689	193	77
2	496
3	
4	
5	96	733
6	382	26
7	297
8	395	239	165	726	510	90	125	268
9	336
10	477
11	728	149
12	456
13	
14	113	689	744	538	595
15	
16	113	2
17	179	297	606	568	292	100
18	
19	113
20	
21	336
22	
23	276
24	642	113	177
25	
26	292
27	25
28	340	339	165	82	90	224
29	
30	662	257	80
31	
32	336
33	595	432	744	249	194
34	745
35	439	259	305
36	216	395
37	
38	25	130
39	
40	
41	336	715	269
42	441	77	350
43	
44	517
45	
46	688
47	
48	168
49	689
50	
51	689	229	447
52	
53	146	246
54	
55	
56	21	467
57	
58	526
59	141	167
60	157
61	190
62	113	128	193	474
63	54	680
64	193	360
65	192
66	700	378
67	
68	22	147	593	269
69	395	631
70	197	674	96
71	563
72	217
73	552
74	
75	568	318
76	279
77	691	483	706	193	689	113	338
78	336	50	536	638	4	556	382
79	
80	
81	674	744
82	90
83	628
84	147	694	33
85	287
86	
87	33
88	285	147	700
89	
90	705	308	258	326
91	
92	336	489	697
93	
94	603	691	165	395	82
95	701	246
96	
97	574
98	43
99	336	90	545	50	82	193
100	
101	
102	564
103	619
104	285	675
105	731
106	
107	246	94	165	680	349
108	637
109	350	638	322	50	258
110	165	79
111	
112	
113	432	193
114	
115	305
116	47
117	
118	
119	
120	
121	165	332
122	
123	280
124	90	220	711
125	
126	197	249	340	725
127	111	642	229
128	224	193	113	432
129	
130	25
131	
132	
133	679	113	144
134	391
135	255	334
136	390
137	165	687	187
138	336	395	167	563	239	489	382	715	310	141	69
139	
140	234	430	165	91	224
141	258	714
142	
143	25
144	
145	
146	
147	745	483	234	210	28	382
148	
149	508	521
150	348	714
151	
152	624	149	90	489	638	167	120	50	21
153	178	217	210
154	348
155	119
156	443
157	745
158	364
159	
160	49
161	
162	141	417	332	165	82
163	25
164	383	336	268	566	470
165	224	332	339	395
166	745	619
167	
168	
169	334	82	141
170	
171	512
172	655
173	33	249	642	682	128	614	606	395
174	304
175	706	659	487
176	217	519	19	264	340
177	
178	62
179	297	548	432	606
180	455
181	
182	
183	638	120	90	489	624	149	21
184	74	208
185	393
186	208
187	
188	420	301
189	432	297	252	229	606	194	446
190	
191	700
192	
193	
194	432
195	642	606
196	165	141	409	234
197	
198	733	70	229	674	113
199	528
200	
201	82	165	691	614	603	141
202	332	534
203	701
204	700	393	233	614	388
205	13
206	432
207	86	155
208	
209	120	268	695
210	19	689	281
211	234	510
212	711
213	219	489	268
214	89
215	52
216	
217	417	19	281	432	474	689
218	602	113	432
219	700
220	
221	745	157
222	332
223	173	666	33
224	332
225	
226	604	250
227	432	474	689	282	246
228	142
229	393	538	194	477	249
230	674
231	628	90
232	113	19	538	273
233	368
234	603	395	94
235	607	700
236	268	305
237	90	545	193	50	336
238	391	409	3	90	395	0
239	90	714	281	558	217	332	395
240	531	744	606	33	666	460
241	
242	280
243	395	90	350
244	668	206	447	432	671	218
245	395	441	350	714
246	
247	744	33	531	666
248	689	197
249	395	744	538	194	432	224	595
250	
251	79	382
252	395	305	150
253	268
254	693
255	
256	84	683	700	254
257	558	239	90	424	308
258	
259	305	439
260	147
261	
262	429
263	141	219	700
264	395
265	689	197
266	
267	
268	
269	
270	
271	
272	689
273	714	364	744	474	193
274	414
275	86
276	689
277	264	340	165	332
278	496	208	437	481
279	293
280	39
281	
282	
283	33
284	
285	86
286	432	194
287	
288	395
289	673
290	129
291	526
292	210	297	432	671	689	19	113	606
293	278	19	227	666	176	178	312
294	
295	668	432	276	447	671	206
296	155
297	689	229	194
298	590
299	
300	224	715	285	90	201	139	141	91	691	382	210
301	503	420	86
302	423	312	554
303	
304	
305	
306	667
307	
308	258	348
309	
310	
311	598	268	545
312	197	217	305	19	689	58	432	249	194	229	55	538	744	31	424	308
313	432	150	252	349	305	281	393
314	702	638
315	
316	568
317	
318	432
319	397
320	440	322
321	
322	324	521
323	148	470	572	170	140	382	712	0
324	
325	745
326	261	348	659
327	
328	86	420
329	538	332
330	139
331	
332	
333	
334	
335	728
336	
337	
338	
339	332	224
340	224	339
341	147	505	256	254	382	683
342	33	666	460	87	194
343	
344	650
345	621	634
346	165	382
347	285
348	
349	446	281	395	305
350	305	79	322
351	360	64
352	
353	33
354	582
355	78	251
356	701
357	291	642
358	434	700
359	301
360	
361	192
362	
363	464	669	82	234	595
364	338
365	
366	181
367	
368	
369	336
370	519	447
371	229	663	197	182	334
372	20
373	114	270	408
374	297	252	595	606	349
375	437	285
376	67
377	382
378	725	165
379	362
380	602
381	119
382	79	483
383	
384	197	568	474
385	
386	491	32	728	149	489
387	739	429	659
388	
389	566
390	
391	
392	667	189
393	349	252	680	474	432	305
394	334	33	663	197	229
395	326
396	489
397	638	212	310	700	15
398	246
399	744	128	282	249	217	19	671	193	150	404	332	113	339	663	194	132	229	714	595	224	538
400	9	296
401	33	240	460	531	87
402	
403	307
404	
405	432	531	33	666
406	299
407	86
408	287
409	395
410	276
411	642	147	689
412	735
413	268	711
414	
415	208
416	117	194	113	432
417	
418	217
419	667
420	
421	171
422	598	305	634	691
423	
424	258	308	348
425	716	372	20
426	496	229
427	492	189	606	385
428	474	178	62	77
429	
430	
431	716	135	642	641
432	
433	671	249	135	538
434	
435	483	326
436	90	268	120	148	308	50	382
437	496
438	339	395
439	
440	241	82	489	470	101	330	69	269	520	141	322	90	18
441	634	258
442	593	220
443	
444	
445	210
446	281	305	395
447	
448	
449	218	498	100
450	234	395	120	93
451	229
452	666	273	150	468	464
453	292	26
454	
455	
456	
457	689	638
458	581	284
459	
460	744	531	33	606
461	675	285
462	725	177	566
463	332
464	248	282
465	725
466	691	448
467	21
468	150	189	666	273	393	680	100	464	31
469	700	187	670
470	37
471	745
472	192	711	321
473	249	538
474	
475	86	550
476	406
477	
478	
479	642
480	
481	437	496
482	208
483	131
484	506
485	268	382	349	149	303
486	499
487	
488	700
489	
490	33	382
491	
492	
493	631	165	395
494	86
495	50	507	711	725
496	
497	393	446
498	714	689	281
499	
500	745
501	219	325
502	64
503	689
504	382	310	700	147
505	
506	
507	
508	
509	
510	94	395	448	234
511	531	498	691	150
512	
513	700
514	333
515	677
516	79	317	327
517	227
518	545
519	744	538	340	432	689
520	
521	305
522	612
523	208	178	474	113	671	227	182	395	432	428	714	62	77	570
524	321
525	336
526	
527	217
528	
529	606	325	179	55	17
530	
531	193	282	33	19	744	113	217	595
532	
533	498	391	587
534	
535	
536	268	90	21	50	621	161
537	200	474	273	217	249	33	246
538	113	432	744
539	326	691
540	689
541	197
542	621	444
543	397	310
544	558	714	210
545	
546	337	426	227	229
547	336
548	
549	331
550	
551	647
552	
553	509	81
554	552
555	199	470	336
556	
557	216	234	709	395	614	448	201
558	281
559	520	120	711	45
560	365
561	113	716
562	276
563	
564	538	432	128	744	249	264
565	470
566	112	120	270
567	733	197
568	197
569	382	395	141	83	657
570	
571	147	448	28	510
572	
573	
574	
575	321
576	429	305
577	
578	535
579	92	21
580	699
581	
582	
583	21	715
584	440	141	395	239	489	236
585	318	568
586	29	698	122	625
587	395	94
588	266
589	315
590	
591	662	86
592	362
593	336
594	448	140
595	744	689	113	432
596	219	294	700	285
597	737	112	462
598	
599	532
600	106	167	120	508	489	149	480	728	50	124	270
601	90	4	621	598	530	268
602	454
603	614	224	483
604	79
605	138	294
606	33	297	744
607	
608	271
609	735	684	613	478
610	312	118
611	486
612	
613	
614	350	395	165	340	141
615	682	40
616	187	86
617	700	745
618	432	178	538	33	229
619	700
620	714	332
621	
622	117	689	197
623	113
624	120	78
625	29
626	691	720	628	382	187	28	285
627	
628	239	539	424	90
629	620	150
630	282
631	90	717	224	395	691
632	86
633	179	113	568
634	
635	649
636	285
637	
638	
639	39
640	603	633	244	417	91	577	200	273	144	234	217	340	689
641	
642	671	432	602	218
643	455
644	535	282	689	671	113
645	508
646	666	33	531
647	
648	149	310	367
649	
650	
651	498	110	395
652	274
653	
654	653
655	
656	
657	
658	225
659	
660	9
661	410
662	
663	19	744
664	637	309	219	700
665	395	340
666	326	249	33	539	432	744	531	197
667	689	276	432	447	671
668	
669	
670	
671	
672	287	336	268
673	
674	
675	
676	
677	
678	64	44	57	716	576	382	550	517	546	703
679	128	113
680	305	474	432	744
681	568
682	128	33	606	614	395	642	249
683	693	393
684	
685	627	700
686	310
687	
688	
689	432
690	101	520	132	175	69	489	711	395	149	440	747	141	268	239
691	
692	711
693	393	700
694	
695	268
696	508	638	167
697	
698	
699	
700	
701	
702	50	112	700	120
703	517	337
704	409	94	717	341	700	69	448	382	252
705	258	348	261
706	
707	674	70	567	96	733
708	21	151
709	557	680	691	634
710	550	656
711	
712	
713	159	292	26	573
714	
715	336	634
716	
717	141	395	224	691	539	726
718	459
719	545	270
720	
721	745
722	382	638
723	157	700	571
724	362
725	305	507	676
726	
727	297	464	410
728	521
729	352	5
730	267	570	496
731	
732	268	145	327	628	149	383
733	567	674
734	395
735	
736	682	343	173
737	715	21
738	402	242	280
739	
740	52	165	395	141	510	94	680	91	234	107	0	128	313	28	285	93
741	744	689	417	23
742	305
743	745	157
744	432	689	113
745	
746	685	538
747	395	717
748	715	120	106	92
