0	2012
1	2006
2	2005
3	2014
4	2003
5	2006
6	2010
7	2009
8	2014
9	2004
10	2006
11	2009
12	2007
13	2012
14	2006
15	2004
16	2006
17	2010
18	2007
19	2003
20	2004
21	2006
22	2009
23	2006
24	2010
25	2007
26	2009
27	2008
28	2009
29	2008
30	2012
31	2006
32	2008
33	2006
34	2009
35	2009
36	2011
37	2000
38	2012
39	2001
40	2009
41	2011
42	2006
43	2000
44	2009
45	2011
46	2014
47	2007
48	2014
49	2008
50	2007
51	2010
52	2000
53	2010
54	2006
55	2005
56	2014
57	2013
58	2005
59	2014
60	2013
61	2009
62	2005
63	2012
64	2007
65	2006
66	2015
67	2005
68	2011
69	2007
70	2006
71	2008
72	2007
73	2006
74	2005
75	2010
76	2014
77	2005
78	2011
79	2002
80	2011
81	2006
82	2007
83	2010
84	2009
85	2013
86	2003
87	2012
88	2010
89	2011
90	2005
91	2009
92	2008
93	2009
94	2008
95	2009
96	2005
97	2007
98	2002
99	2009
100	2009
101	2009
102	2011
103	2011
104	2014
105	2011
106	2013
107	2010
108	2014
109	2011
110	2007
111	2009
112	2013
113	2002
114	2012
115	2008
116	2009
117	2004
118	2006
119	2004
120	2013
121	2011
122	2010
123	2007
124	2013
125	2013
126	2008
127	2012
128	2004
129	2006
130	2009
131	2001
132	2004
133	2008
134	2009
135	2007
136	2011
137	2013
138	2011
139	2004
140	2010
141	2005
142	2005
143	2007
144	2007
145	2009
146	2010
147	2010
148	2011
149	2006
150	2005
151	2006
152	2015
153	2010
154	2004
155	2005
156	2009
157	2009
158	2006
159	2007
160	2011
161	2006
162	2009
163	2009
164	2013
165	2006
166	2009
167	2007
168	2014
169	2008
170	2014
171	2008
172	2012
173	2010
174	2011
175	2003
176	2007
177	2011
178	2006
179	2009
180	2006
181	2008
182	2009
183	2015
184	2008
185	2015
186	2004
187	2007
188	2010
189	2010
190	2008
191	2009
192	2004
193	2002
194	2004
195	2010
196	2014
197	2004
198	2008
199	2009
200	2004
201	2009
202	2014
203	2004
204	2010
205	2013
206	2005
207	2008
208	2003
209	2013
210	2007
211	2011
212	2009
213	2014
214	2013
215	2003
216	2004
217	2004
218	2006
219	2009
220	2007
221	2011
222	2005
223	2011
224	2003
225	1996
226	2011
227	2007
228	2008
229	2006
230	2005
231	2014
232	2009
233	2010
234	2009
235	2013
236	2007
237	2008
238	2015
239	2008
240	2011
241	2005
242	2004
243	2010
244	2008
245	2007
246	2004
247	2010
248	2005
249	2005
250	2007
251	2013
252	2006
253	2007
254	2010
255	2005
256	2012
257	2011
258	1999
259	2005
260	2011
261	2000
262	2015
263	2010
264	2005
265	2011
266	2010
267	2002
268	2006
269	2006
270	2013
271	2007
272	2008
273	2004
274	2006
275	2005
276	2003
277	2011
278	2007
279	2013
280	2003
281	2004
282	1998
283	2009
284	2008
285	2009
286	2006
287	2013
288	2009
289	2009
290	2007
291	2006
292	2008
293	2011
294	2011
295	2006
296	2009
297	2007
298	2014
299	2014
300	2009
301	2003
302	2009
303	2006
304	2001
305	1993
306	2007
307	2013
308	2003
309	2009
310	2007
311	2006
312	2009
313	2008
314	2015
315	2015
316	2007
317	2010
318	2007
319	2014
320	2011
321	2006
322	2006
323	2015
324	2002
325	2010
326	2002
327	2008
328	2004
329	2009
330	2006
331	2006
332	2002
333	1983
334	2003
335	2007
336	2002
337	2004
338	2001
339	2004
340	2006
341	2012
342	2014
343	2010
344	2006
345	2006
346	2009
347	2009
348	2000
349	2005
350	2005
351	2008
352	2006
353	2013
354	2012
355	2014
356	2004
357	2009
358	2010
359	2005
360	2006
361	2012
362	2004
363	2010
364	2002
365	2008
366	2014
367	2010
368	2009
369	2013
370	2007
371	2010
372	2007
373	2013
374	2009
375	2015
376	2008
377	2008
378	2009
379	2015
380	2011
381	2005
382	2005
383	2009
384	2006
385	2014
386	2012
387	2005
388	2009
389	2014
390	2008
391	2006
392	2011
393	2006
394	2010
395	2004
396	2010
397	2010
398	2005
399	2006
400	2011
401	2013
402	2010
403	2014
404	2001
405	2010
406	2014
407	2005
408	2013
409	2013
410	2005
411	2011
412	2011
413	2006
414	2002
415	2006
416	2006
417	2002
418	2011
419	2008
420	2001
421	2009
422	2009
423	2006
424	2004
425	2008
426	2007
427	2015
428	2007
429	2002
430	2002
431	2010
432	2002
433	2008
434	2010
435	2010
436	2016
437	2005
438	2005
439	1990
440	2009
441	2005
442	2010
443	2008
444	2007
445	2009
446	2005
447	2005
448	2009
449	2011
450	2013
451	2007
452	2012
453	2013
454	1998
455	2005
456	2005
457	2009
458	2012
459	1996
460	2011
461	2011
462	2012
463	2005
464	2007
465	2011
466	2012
467	2013
468	2011
469	2010
470	2005
471	2010
472	2008
473	2006
474	2003
475	2010
476	2015
477	2004
478	2011
479	2009
480	2013
481	2006
482	2006
483	2003
484	2011
485	2011
486	2008
487	2002
488	2009
489	2006
490	2012
491	2008
492	2014
493	2007
494	2015
495	2011
496	2004
497	2010
498	2005
499	2006
500	2011
501	2013
502	2008
503	2002
504	2010
505	2010
506	2011
507	2001
508	2003
509	2011
510	2010
511	2009
512	2008
513	2009
514	1998
515	2015
516	2012
517	2009
518	2010
519	2006
520	2002
521	1999
522	2012
523	2010
524	2009
525	2010
526	2006
527	2008
528	2005
529	2011
530	2004
531	2006
532	2006
533	2010
534	2000
535	2001
536	2008
537	2010
538	2004
539	2004
540	2007
541	2009
542	2011
543	2013
544	2009
545	2000
546	2012
547	2009
548	2009
549	2007
550	2010
551	2011
552	2004
553	2011
554	2006
555	2012
556	2001
557	2011
558	2007
559	2014
560	2011
561	2009
562	2005
563	2007
564	2007
565	2012
566	2013
567	2006
568	2005
569	2013
570	2004
571	2011
572	2012
573	2008
574	2003
575	2009
576	2014
577	2010
578	2009
579	2016
580	2009
581	2010
582	2011
583	2009
584	2012
585	2009
586	2011
587	2009
588	2011
589	2015
590	2006
591	2005
592	2013
593	2005
594	2011
595	2004
596	2013
597	2014
598	2005
599	2009
600	2014
601	2009
602	2005
603	2008
604	2009
605	2016
606	2008
607	2008
608	2008
609	2012
610	2008
611	2008
612	2013
613	2012
614	2007
615	2012
616	2008
617	2011
618	2008
619	2009
620	2007
621	2006
622	2008
623	2007
624	2013
625	2008
626	2009
627	2009
628	2010
629	2008
630	2003
631	2007
632	2007
633	2011
634	2005
635	2011
636	2010
637	2010
638	2006
639	2010
640	2013
641	2009
642	2008
643	2006
644	2004
645	2009
646	2012
647	2010
648	2011
649	2008
650	2006
651	2014
652	2006
653	2008
654	2010
655	2010
656	2011
657	2009
658	2005
659	2001
660	2010
661	2007
662	2005
663	2004
664	2011
665	2008
666	2007
667	2006
668	2005
669	2005
670	2006
671	2002
672	2013
673	2005
674	2004
675	2008
676	2002
677	2010
678	2014
679	2006
680	2005
681	2009
682	2010
683	2010
684	2011
685	2010
686	2011
687	2006
688	2011
689	2002
690	2010
691	2004
692	2012
693	2009
694	2003
695	2007
696	2011
697	2001
698	2011
699	2001
700	2005
701	2004
702	2013
703	2009
704	2015
705	2001
706	1999
707	2008
708	2011
709	2010
710	2011
711	2004
712	2002
713	2011
714	2004
715	2007
716	2005
717	2008
718	2010
719	2014
720	2002
721	2011
722	2012
723	2011
724	2015
725	2006
726	2004
727	2008
728	2004
729	2007
730	2007
731	2008
732	2013
733	2006
734	2006
735	2010
736	2015
737	2009
738	2012
739	2002
740	2014
741	2007
742	2008
743	2013
744	2003
745	2008
746	2012
747	2007
748	2013
